0
1
3
5
9
5
10
14
21
16
28
17
40
39
28
39
72
78
77
105
104
112
135
144
120
177
184
156
190
233
212
296
272
266
251
306
296
378
391
443
395
495
437
481
530
398
569
487
552
674
685
712
760
832
783
748
867
809
786
880
921
966
980
809
1081
1023
1026
1160
1042
1089
1191
1114
1143
1295
1355
1345
1468
1358
1606
1244
1607
1413
1668
1739
2071
1787
1964
1888
1968
1984
2083
2088
2233
2035
2439
2261
2458
2510
2408
2583
2642
2343
2678
2551
2594
2890
2951
2913
2907
3253
2966
3148
3126
2951
3296
3292
3453
3462
3263
3669
3672
4174
3938
3736
3995
3630
3889
3896
4294
4269
4005
4418
4134
4472
4779
4432
4808
4800
4831
4850
5021
5181
5160
5640
5314
5671
5861
5178
5467
5813
4852
5775
5942
5705
5935
5980
5482
6764
6676
6222
6380
6283
6497
6724
7044
6777
7069
6763
7364
7142
7123
7732
7661
8513
7838
7292
8332
7475
8329
8403
8295
8090
8362
8559
7792
8239
8560
8708
9230
8171
8478
9144
9294
9238
9561
9276
9266
9507
9422
9646
10064
9921
10296
9703
10152
10233
9418
10031
10959
10726
11048
11433
10901
11544
12395
11500
11908
11422
12287
11654
12297
11255
13426
12140
12287
11515
13029
12614
13834
13689
13197
14325
14017
13111
13385
14310
13187
15107
14726
13921
14885
14020
15404
15064
14849
14689
14639
15177
15448
15249
15681
16551
14657
15539
17080
16196
16384
15781
16479
17347
17479
17776
17579
16595
16540
17259
18641
18811
18276
17911
16869
18827
17439
19058
19163
19532
20138
18448
19954
18657
18963
20380
21016
19985
20455
20633
20721
19419
19755
20089
20651
20167
19957
20735
20880
20452
21211
22754
22774
22453
21646
22830
23003
21880
22684
23475
23095
23196
23134
22885
24524
23085
25641
25368
24966
24680
25089
23811
24719
26464
25506
26324
23270
28807
26418
27893
27032
24379
27089
27229
28161
26176
27566
25955
25267
27483
26412
28677
30677
30268
28008
28331
29353
29217
30418
29068
29399
30105
28939
28876
29383
31811
33210
31960
32609
29142
31024
31389
33120
32755
33839
33151
32886
33011
34212
33317
33773
33276
33375
34586
34649
35159
34993
36707
35253
35476
34438
37677
36132
33160
34559
32726
37781
38390
36221
36568
37236
38555
34863
37876
36777
37789
38732
37325
36946
38659
39110
38558
37717
38592
39065
41489
39454
40251
41044
41722
42533
41447
42023
41372
42836
42356
42372
40101
40908
45568
44773
43717
41707
42150
41809
46763
42084
47521
44472
44716
45807
45430
44832
45291
46516
47771
45423
44933
46717
48352
48101
48776
48384
49463
48252
48268
51427
50120
47996
49885
49507
49088
48544
51038
47978
49323
51245
48046
50207
52616
51497
50268
53275
49844
51992
53731
51836
54074
54257
52182
58283
52137
52671
55433
53548
54821
53196
55864
57742
53771
55260
58909
57696
59893
56447
60716
58018
57470
55847
55032
58955
56552
58242
56854
57806
60216
59351
54975
60898
62442
59901
61899
60417
62190
62187
63124
63306
61596
58576
64525
65516
65103
63226
64094
65777
66295
65309
65766
66247
63902
69284
65624
65637
68161
68718
67850
66299
68141
65378
65324
70230
64964
69548
71801
70637
69775
67200
69588
67741
69383
69586
73187
69847
74388
74864
75041
75104
77446
72570
77091
75205
74381
75126
72889
75803
77765
75223
72643
75826
77467
75397
74141
77991
78592
78256
80534
77686
76321
79955
82436
79179
80294
79796
83595
78762
80416
78363
78496
82604
83160
82979
86244
79616
86753
78934
90093
83203
84385
82029
84781
83915
83460
87431
86944
88949
87260
85866
86374
85642
88459
83661
89839
88812
94362
90128
92448
92869
89416
89819
96041
88342
94643
93130
92973
90313
89709
92904
94004
96446
96709
97486
94490
93493
99733
94011
94866
94413
99062
96479
100571
96996
97802
99642
90469
97577
98813
97491
94583
94306
103843
100756
101007
103995
100209
103505
100157
103236
99634
103464
101320
111362
105224
107605
102448
104681
105938
109104
102094
106865
109939
110588
108099
110208
110087
106268
108226
107124
104103
110519
112055
109185
110791
112962
114593
108851
112014
115024
115672
111556
114891
109566
115664
107475
113033
120821
116405
113514
122676
114110
116182
118787
114638
117843
116709
122601
120824
117874
119092
121422
123992
116481
124106
119797
122589
122627
117321
123326
122404
125083
126034
126425
119489
118137
121406
120795
125355
130021
123192
126754
126099
132228
121540
129556
123458
127828
130325
126896
134122
132310
127377
131861
130388
125637
140149
136489
131409
133103
134668
134341
135002
128037
133199
133148
140363
141286
132220
140614
143217
138842
135606
138127
142635
136576
137116
139967
133392
136854
141527
142046
139923
137868
147974
141815
141463
148218
139554
134844
146388
140899
144125
139805
146739
147257
153521
146566
153397
154070
148137
152843
148995
152086
152734
161197
147314
146185
155406
144507
157135
154446
150808
153354
160999
159662
154824
155194
159611
151520
155250
153894
161954
163291
159557
162835
164917
157087
154277
161221
158687
158146
156317
161157
156129
167931
153412
158973
163555
164849
162047
163161
166341
165670
166637
169867
169017
163695
162134
168043
172546
157261
171049
162962
171729
173038
171010
171804
171214
178397
164701
171502
181966
168600
178858
176635
170370
170582
173961
174091
182972
181409
177768
171988
178261
174186
176633
182816
182069
178966
176729
184028
183506
181766
183374
186403
182005
186663
180526
188132
184412
180577
184266
186748
188158
192246
190783
181491
191837
189666
189596
187707
188648
193193
192780
185586
187956
193363
197814
195409
191753
186663
197294
191615
194988
192846
200423
188848
198651
194943
194125
195931
193109
198306
207738
203211
195511
204932
198445
206847
207608
204046
199837
194631
206337
208941
207315
218934
208774
205858
214126
211774
210023
212206
209184
212493
206899
207560
217895
221819
206377
206346
210018
210076
209559
207968
216745
212928
226792
217362
219083
216015
219759
215978
211691
216240
213196
219629
211712
217440
217598
225344
223479
229370
226397
227092
217144
220308
228795
227439
215906
224712
226838
236525
226834
225231
228487
227935
232513
230284
223387
226097
233514
235775
231741
235243
231986
225997
230550
232315
233330
232799
237533
237656
238691
227466
245866
241268
237259
244590
239583
239098
245969
237702
242126
240793
244256
243964
246201
243441
237813
240485
243417
253037
246957
243714
248829
