0
1
0
5
6
3
7
18
23
27
14
26
50
55
44
74
72
57
65
78
119
107
115
113
135
181
205
185
209
220
259
284
277
311
355
333
334
375
337
406
360
397
478
426
502
569
521
526
528
592
608
561
593
704
670
678
1015
820
858
854
927
980
921
1024
1001
1065
1013
975
1011
1240
1070
1300
1278
1298
1467
1435
1588
1345
1494
1667
1691
1820
1852
1845
1857
1852
2073
2142
2090
2045
2086
2083
2000
2128
2088
2252
2262
2438
2119
2571
2437
2529
2477
2533
2409
2693
2635
2959
2830
2918
2927
3401
3193
2994
3314
3562
3454
3933
3352
3637
3219
3841
3649
3807
4047
3511
3937
3700
4346
4052
4272
4019
4570
4202
4079
4647
5015
4660
3847
4752
5216
5276
5001
5228
5145
5125
5546
4904
5572
5274
5414
5618
6386
5871
6093
5954
6071
6176
6746
6011
6383
6339
6217
6603
7097
6920
6124
7390
6645
7244
7930
7302
7703
7461
7132
7640
7549
7607
6910
7574
8808
8203
8536
8539
8221
9076
8125
9536
8687
9080
8628
9300
8956
9476
10187
9304
9983
9369
9633
10283
10560
10424
10800
10195
11127
10952
10566
11561
10737
11885
10188
10302
11499
11061
11229
11318
12299
10417
12741
11116
12083
11489
11936
12456
11628
13837
13285
12528
13432
13631
13160
14051
13113
13373
14039
13298
13213
13242
14499
14781
14618
14934
14032
15283
14846
15474
15519
14907
15483
16044
14694
15291
16197
16386
15565
15941
15572
16734
16851
17077
18132
17144
16169
17681
16311
18276
16611
17437
18782
18435
18389
19165
18896
18643
17538
19369
18335
18614
19513
19484
20643
19721
19477
19877
20261
19876
19795
19403
19175
20105
21798
21826
21876
21435
20562
21001
20076
22251
21031
22721
22679
21922
21034
24319
23620
22360
23820
22443
22812
22785
24013
24564
23730
24467
24129
24460
25167
24978
24946
23672
25855
25591
26549
26860
26021
26471
27289
24565
26834
26751
27432
26167
26480
29218
28950
27647
27033
26265
28627
26492
28566
29258
30299
31338
28768
27755
28987
30382
30158
29124
30968
29391
29384
31151
30239
31264
30893
29296
31147
32299
33573
33382
33982
31182
33606
34804
32770
31059
33520
34711
35912
34211
36944
35510
35043
35486
37358
35517
36764
36588
35945
35404
38470
37379
35650
36795
38609
37429
35450
37789
36873
36609
37487
39717
37255
39593
38325
39760
40201
40196
40934
40218
43777
37965
40579
38708
40653
39328
40244
42243
40258
40130
43231
43385
41696
42191
43323
43745
43978
44846
44263
40744
43180
45373
44681
44976
45318
45746
46419
46042
46573
48682
48171
45278
48233
46633
49127
48387
48675
50476
46427
50121
46580
46321
49304
48797
52038
47095
50762
48734
51747
48044
54314
50554
49990
53478
54207
51142
52415
53680
51674
53626
49958
53472
49105
57363
53444
56929
50651
52801
56678
54701
56190
56274
56945
56269
55822
58190
57655
58728
56799
55918
55173
54528
58458
61120
58153
59663
60677
57067
60322
61994
56456
61925
62427
60534
61771
63370
59598
61221
60787
60402
61034
63303
67484
59049
62980
63499
63250
68875
68691
65683
66963
61644
66060
65094
61509
70379
65198
67179
66287
69776
65537
69212
67283
71374
70877
70509
66238
66413
69953
70326
69033
70577
68785
71076
71228
68333
73672
73592
71557
67337
72906
72953
72194
72269
72254
78715
74564
74615
72958
74803
76252
77134
75609
75218
77246
81511
76821
80708
76212
78798
77962
80940
79695
81666
80352
77989
82458
78721
77917
80304
78877
83443
85424
85121
81793
85802
81805
85368
84277
86317
86830
83330
82921
85216
81596
89647
85533
90452
87959
84365
86573
82134
87593
87522
87737
86595
85522
92121
92915
91470
91373
90528
91675
91701
93336
95699
88804
94400
92574
94365
94320
95219
92637
95781
97784
97090
94621
92498
93540
99189
97033
95177
96520
99477
95156
93985
98138
98622
99385
97981
99534
96013
103657
104158
96205
102191
100284
99001
97035
97282
100067
101515
102353
103498
104782
97283
108674
106995
106002
103581
96620
105903
102203
107717
112820
108570
108585
108159
112668
110574
102672
106137
108448
109358
109327
113509
109379
112970
112216
112109
110234
113356
110721
113376
112087
113282
110271
111590
119916
113273
118614
112288
111230
120263
114396
117195
120062
114556
120932
120166
119969
112360
119780
121818
119526
119696
118918
116508
120621
125834
123433
127358
121392
125588
126358
121272
126804
122254
125621
129401
129167
128069
127429
128401
130779
126001
125263
125476
124076
128000
131204
133656
127989
129390
131618
130169
129927
134605
132767
131769
133120
135103
131408
133948
131050
137628
135334
137195
132250
133966
135265
143561
138701
137852
136108
136133
141299
140530
140296
141128
137155
137267
140172
139212
144889
141130
146888
148966
144082
140828
144062
147949
140100
151439
147215
146962
145883
144565
146593
147091
150424
145902
145006
150418
144171
142319
148708
155244
150892
149870
149576
148883
151893
151805
156886
153297
152706
153398
159269
153859
157623
160919
160618
158583
158229
152072
155999
161018
153945
167324
157243
158164
163429
160070
160507
159143
160285
159426
157911
166145
166224
162854
164804
161709
166280
164275
167459
164848
161730
168031
171005
169151
162505
165042
166511
165525
168516
172250
173496
169895
175101
171926
166506
169430
169295
174513
178058
176785
168293
187146
171551
182013
173766
175621
171251
182276
180639
178628
180762
181897
182612
180205
178394
182826
177898
180340
185681
188457
189671
182943
181143
176681
183825
182915
175075
183671
187765
188369
186065
191908
182496
186091
189721
189219
185604
197671
186126
191740
192017
197007
186754
190451
189465
194063
199496
200856
196303
199264
190420
189683
202484
197004
198494
197693
202164
199729
204013
207707
203179
198985
204041
206745
210476
200335
209800
213141
200621
211085
202591
206567
200289
214728
209197
213106
212888
206414
214872
205768
214785
209325
217129
212202
207723
214365
207574
212833
217584
213637
210331
210925
215076
221861
212895
214050
211963
209322
215456
221458
221063
220906
215585
222198
224108
220265
227948
220807
219399
218661
227779
233425
227220
238498
212182
227853
224076
217024
231584
229229
228076
227158
231269
231379
229086
224217
236115
232438
230563
235780
234773
234090
243139
238379
235160
238723
237257
242126
242533
245856
243322
242126
238825
239901
248484
235362
238267
242765
244058
243148
249856
247953
240995
250123
232772
254251
243404
246027
246934
244004
