0
1
3
3
6
5
14
16
18
27
16
33
36
36
56
70
67
68
100
119
83
98
102
119
123
186
186
183
212
198
232
254
284
281
357
304
331
343
389
341
420
429
453
530
483
438
530
601
565
612
599
651
655
678
652
642
804
799
835
784
869
970
923
1030
1080
1111
1218
1133
1103
1170
1056
1300
1421
1298
1602
1465
1286
1466
1774
1680
1619
1829
1590
1787
1765
1606
1807
1950
2037
1935
2206
1654
2148
2196
2228
2320
2295
2580
2526
2567
2532
2823
2553
2476
2641
2938
2854
2756
3125
2863
2962
2733
2994
2860
3605
3465
3504
3185
3597
3810
3561
3473
3584
3880
4012
3992
4097
4312
3868
4061
4270
4156
4507
4384
4450
4546
4193
4947
4300
4722
5039
4783
4959
5226
5103
5080
5100
5446
5162
5659
5124
5359
5430
5199
6110
5799
5900
6290
6351
6050
6503
7268
6950
6408
6752
6732
7316
6624
7322
7171
7222
7002
7618
7140
7847
7353
7938
8072
7826
7751
8481
8416
7852
8396
8100
7935
8864
8438
8540
9045
9056
9631
9810
9170
9922
8994
9045
10322
10037
10400
10553
9592
9877
10101
11097
10317
10102
10957
10136
12305
10902
10178
10789
10826
11700
11221
12289
12788
11998
12926
11616
11537
11834
12382
12220
11383
12768
12083
12661
13255
12688
13583
12550
12861
13762
13991
13486
14520
14179
14288
13780
13946
13266
15821
13541
14047
15158
15524
14078
15274
14982
15334
15979
15863
15754
15777
16198
16596
17115
16648
17001
16506
16953
17752
17297
17164
17639
17599
17958
17369
18174
18276
17846
19399
17445
18242
18696
19897
18528
19429
17731
17706
18970
22284
20044
19518
20402
21156
20540
21649
22062
22390
21795
21400
22088
21856
21734
21638
20680
20471
22139
23845
22138
22603
22993
23005
23037
22109
23342
23405
25655
24222
24805
25001
24053
23613
23859
25265
23821
24476
24524
26072
26464
25379
26626
24202
26633
25133
27733
25799
25393
27209
26963
26642
29017
29060
27912
26966
29130
28262
31148
27664
27497
28804
29197
27755
28750
27406
29622
30973
30107
31378
31057
29046
31608
30231
30982
32567
31224
33300
33070
29642
31144
32982
32276
32546
34694
32998
31784
32937
31738
32218
34293
33947
33879
34782
35230
36397
32414
37544
34527
35972
36669
38939
35508
37167
37288
38450
38077
37845
37208
39010
38041
39693
39057
38715
39431
40577
39329
39622
39035
38587
39150
41193
39083
40124
39403
41272
41146
41573
41497
39762
43023
44599
44829
43358
43340
45274
42980
43853
42262
43682
43211
44793
41961
44664
45816
44206
46588
47641
45695
45511
46256
47447
45641
42974
48774
50261
46867
46564
47500
46763
50181
47460
49521
47777
49389
47149
48302
50024
50974
51884
47559
49197
49481
52331
51330
53181
49904
51122
51803
53850
54308
53874
55633
52369
56306
53180
53592
55503
54972
56861
56377
54770
53031
55265
58987
52570
56805
56546
56424
59940
56371
56664
57920
58330
57768
56483
61170
56365
59913
57714
62400
57312
62871
59758
60487
60625
64053
64604
63186
62126
64011
61539
65443
59322
65469
63728
64601
63813
64027
68177
64283
64214
63184
66751
65594
66178
69061
65250
66347
67255
65348
67671
66719
66386
68824
72408
70079
72091
72422
71632
73070
70524
68195
71182
69219
73434
73682
73118
70660
72700
75961
70641
72785
73720
76245
73860
74843
71733
78557
75894
75365
74526
73989
76079
79684
75774
78151
78533
77335
81592
80225
76342
78625
79887
79117
77246
78674
81779
78774
82601
83024
83853
79425
82796
82620
82758
83758
83096
87206
84624
86122
87606
84442
83619
88262
85784
87295
87172
84234
84789
83017
90195
89921
87954
89839
87888
92534
88429
87071
92383
92884
90170
89081
90571
88796
92306
90458
92156
90865
90995
94010
100056
95729
95664
88975
95577
93843
99585
100730
96568
98427
94834
96921
99053
96205
98617
98924
97722
97273
101582
97031
100611
98858
101401
97848
96869
102375
102553
104277
97757
104039
104564
105435
110190
104072
101919
98025
109435
104495
103059
103137
104820
110087
107794
108870
106739
112128
106186
110666
111527
109107
101971
109098
108495
110247
112741
112039
107324
107870
112660
114771
116679
112229
110291
112629
120502
114880
117223
121305
116666
119984
113135
115954
116358
113420
120487
118488
115616
117317
117676
116579
115857
114256
114555
120992
126867
118565
115214
117852
122151
122274
121573
120358
115950
122081
121766
122191
129826
125150
127204
125457
122937
127163
127848
124837
129775
133881
129403
132961
131492
129152
130395
129663
133695
127418
125501
131769
131739
134019
129713
135947
133414
135752
135000
135843
137223
134488
135861
136627
135500
134043
141454
137039
136008
138822
145938
139273
135916
140005
136878
140085
136318
144929
138775
146626
150576
142972
138529
140436
139248
144809
149921
146878
145141
139146
148761
149473
149370
146332
144026
150391
156909
148334
155617
154827
148876
152961
153311
145058
153095
153528
151241
154416
155259
151182
154076
157089
154093
154830
152090
154656
157891
155152
158420
157992
154680
162792
156036
153092
156630
161288
158922
157292
161983
162876
163175
167227
167161
164728
170467
163370
161363
172450
163120
165266
169354
160761
165241
168917
161854
172059
164190
173723
167577
173991
166118
168720
171265
175581
178759
168665
166060
172649
161367
167768
174645
169453
177190
182048
174796
177807
177294
175794
174763
174817
174163
173551
181642
181970
179132
186123
178582
181792
181209
175986
181564
194236
176322
188293
185874
177784
185504
190152
188732
179630
190548
181958
191164
183932
183640
189748
188873
185187
193541
195228
187917
194305
187282
190720
193955
195827
206992
189157
192290
199662
188598
198972
203659
195955
196715
198819
198074
193583
194052
196812
203549
201819
197006
203914
210001
203724
207048
204472
203108
204610
204965
204847
203070
203690
203831
203932
207889
201942
206353
201907
210463
209549
213975
210398
209826
213768
216446
211955
220241
215302
220260
211034
217116
209724
211729
220873
221229
219021
214488
220682
217394
218021
224695
221924
222977
224451
214587
221538
225198
226249
223009
226143
227341
220495
222922
224076
234108
221731
226404
229890
228111
219380
228435
232920
228218
231954
230282
232962
218599
226276
229187
230745
232706
235477
233623
232634
246878
226105
229421
231676
242519
246334
237751
241538
239926
239060
229621
243611
249291
241924
240242
239032
249013
240545
243591
239091
241148
242087
250419
237633
239535
236099
245177
