0
0
2
4
1
5
12
13
21
23
20
29
36
41
68
73
98
88
66
85
102
121
147
146
85
197
173
186
167
196
188
176
234
303
312
263
331
346
390
353
431
418
562
450
532
613
685
641
638
710
694
701
756
747
668
870
688
809
847
783
971
1017
1123
1113
1036
1056
1068
1077
1046
1210
1326
1314
1311
1400
1293
1622
1180
1322
1564
1635
1306
1942
1642
1586
1688
1665
1877
1965
2086
2022
2075
2215
1936
2144
2014
2370
2074
2507
2370
2450
2620
2573
2747
2448
2812
2752
2456
2970
2838
2844
3165
2770
3145
3239
3142
3265
3157
3352
3323
4183
3512
3710
3599
3647
4097
4468
3863
3808
3731
4232
3856
3980
4440
4577
4837
4330
4814
4686
4684
5258
5319
4913
5106
4980
5265
5794
5542
5113
4849
5166
5515
5475
5469
5706
6174
6375
5538
6415
7419
6038
6744
6697
5638
6578
6801
6524
7051
6645
7134
7075
7241
7401
7102
7091
7398
8342
8357
7994
7942
8200
8480
7698
8582
8328
8164
8467
9018
8245
9562
9521
8917
8781
8632
9305
9525
9812
10241
9268
9791
9166
9256
10653
10576
10239
10082
9768
10366
11089
10992
10983
10478
12381
11807
11323
10797
11818
11674
12003
12056
11063
11588
12093
12957
11904
11598
11662
13091
12508
11895
12669
13255
13688
12986
14990
14561
13532
15079
14298
13688
13396
14501
15461
14798
13852
14661
14674
14842
14322
14701
16187
13981
16318
16061
16761
15227
16402
16585
17122
16350
14908
16676
17775
17732
16320
17670
18287
17771
17788
19155
18191
17492
18819
19405
18402
18416
17723
19392
18347
19805
18635
19531
19472
18948
18057
19679
19583
21600
20436
21130
20843
21068
20463
20533
21325
20634
20816
23346
22109
21836
21804
21815
23064
22621
23848
21254
23571
23401
23325
24754
22205
22893
23517
23911
24119
23690
25338
25535
24391
25200
24857
26052
27101
25763
26137
25385
27410
25200
26883
26291
27628
25905
28508
26538
27757
25727
27967
28880
29442
29495
27106
27652
27978
29515
30922
30955
29347
28099
30256
30690
30357
31687
30249
30825
30789
31710
34455
31976
32366
31384
32628
30025
34213
32012
33567
34469
32080
33934
32504
34920
34677
34072
34326
35791
36181
34715
32895
36734
34364
35312
36421
37479
35801
35226
34491
37760
34562
35543
37016
36473
37702
36991
39124
38053
38263
37363
40096
37244
39902
39855
40960
41055
40006
39760
39733
38524
39361
41408
41595
41015
42151
42997
44736
40224
43551
43897
41572
42804
42435
42514
42971
43408
42636
45132
44614
42650
46489
44156
44601
45783
45011
46853
46614
44705
46328
44152
47177
47171
47185
48145
47999
48949
49186
47813
48467
48756
48741
48096
48544
49923
52159
48065
54172
49689
54412
52971
50878
52434
49475
53623
48869
52930
54252
53229
53833
52784
54086
52965
56066
54605
53435
55070
54965
60842
58430
53157
56021
56454
55705
58592
56129
57653
55422
54154
58275
58476
59098
59425
57601
58977
60665
62731
53792
60984
57484
59037
63263
58949
58962
63085
63234
61135
64782
60944
58786
58451
62558
66178
56767
63113
64979
69192
63919
64019
66805
66357
70452
70091
69243
65633
65013
67621
69346
67096
69093
69268
71159
70337
70761
69349
68601
68078
69092
70053
66845
72839
70508
70500
72841
72224
74517
70191
76389
68666
72362
78215
74331
74838
73064
75099
72605
77036
74679
76496
72164
74351
78113
76901
73657
76076
78551
77838
78548
77102
79536
78136
81415
76443
79364
77035
79348
80965
82879
77490
80366
79201
83314
85629
80532
81126
84272
81631
84394
84613
82132
83067
84101
88304
89017
88045
88092
84059
89562
87743
90579
87960
88023
90593
93138
88201
86977
86073
89004
88436
91525
93742
91424
93882
95168
90712
94342
91613
96953
91643
91826
91887
92946
89052
95978
97773
101777
96685
100413
92521
98895
98730
97097
96758
93997
95849
98803
101114
100782
93710
100039
95330
103372
97995
103342
106120
102048
103508
100723
104678
99500
100878
103614
107310
103186
104076
102727
101319
105120
104880
103418
102553
105313
105016
102829
102384
107465
103847
108352
109973
102681
104899
112286
108364
109996
108312
106744
107903
114574
116278
116169
113877
115228
116314
118539
114112
116092
114062
117356
116786
114683
119701
115209
116823
120908
122686
122643
122466
112681
114381
120478
120906
118067
120175
122860
125324
121502
124902
127496
121445
125911
124290
122259
118936
128102
124505
128131
130794
126417
122738
125419
128271
127280
120484
128911
130756
131608
129943
123923
130419
125951
126250
130565
134580
129271
132550
135280
129629
137771
138426
134037
136569
138537
130883
133583
133313
136096
135034
135532
137529
137128
142134
139236
133578
138573
139468
137738
138452
138894
140622
137268
138350
140395
146368
137559
138026
144020
140008
144856
144868
139048
147872
143783
140224
143626
149868
145762
143475
155749
154255
150314
146931
152510
149428
146005
150285
154822
151151
156513
150326
151244
153015
155974
152182
158745
156335
156297
156325
157885
157429
161679
163215
155935
156878
151651
164191
157917
154002
156440
156150
161629
159302
157499
158785
160790
165957
165808
166562
161871
170847
161975
162669
162332
158636
161998
169197
161965
173972
171730
174119
173812
168137
165094
169634
174620
171405
168430
166903
171653
177840
171780
175418
174252
172567
171129
177161
175820
176071
174686
175715
179257
177534
173526
178547
183360
176094
177962
172718
178671
177377
181771
178514
187442
183757
184782
180701
183534
188788
185498
182762
186005
183716
193634
188486
181939
185253
184893
188704
190769
188219
187989
189128
190226
188083
187712
189696
196377
190121
197603
183961
188083
196504
186401
194529
193799
197991
195915
198381
200895
200715
199041
194336
195568
200809
195855
201402
194258
207152
213176
203239
201880
196865
203228
205337
201990
204860
196403
204467
194315
203292
209033
203421
205486
206192
211908
215696
217834
209483
211651
215659
210108
222838
207875
215750
209575
206228
209921
208774
206562
213484
218012
217183
215925
220410
212549
221341
221638
221059
218496
218237
222461
221705
228179
224195
222462
226458
228200
230500
229371
215696
230636
226468
218211
223236
227078
241232
234275
229261
226779
227525
229051
229257
226162
234810
232027
233971
235575
242291
231027
233207
235420
231972
236562
236939
230324
240833
231914
242541
252602
240957
240531
237162
240081
236615
251800
238093
244768
242867
237193
244380
242867
240060
245338
249040
243842
245209
247225
