0
0
1
1
5
9
11
14
25
18
32
29
47
45
59
47
70
54
96
107
123
127
117
140
130
165
167
220
215
250
264
332
277
264
307
238
274
374
347
383
310
356
476
405
431
553
516
552
571
585
649
676
733
751
764
631
770
814
702
809
823
865
968
978
1079
1079
1070
1103
1161
1323
1458
1264
1353
1262
1432
1531
1275
1671
1682
1789
1585
1664
1859
1853
1788
1626
1759
2006
2003
1916
1747
2084
2213
1778
2281
2218
2404
2401
2458
2634
2399
2783
2810
2616
2558
2868
2759
2628
2888
3420
2994
3120
3399
2980
3331
3222
3094
3492
3326
3647
3605
4011
3636
4056
4349
3828
4102
3300
3764
4024
3928
3977
4287
4730
4574
4338
4950
4710
4792
4886
4763
4903
5162
5741
5226
5259
5346
5110
5157
5962
5010
5334
5942
5705
6116
5895
6179
6335
6554
6492
5928
6767
6373
6798
7078
6923
7003
6384
7798
6213
7039
6901
6579
8059
7736
7754
7573
7675
8006
8486
6801
7741
8233
8641
7949
8556
8746
9272
9580
9579
9124
8919
9261
8682
9811
9484
9052
9573
10163
9726
10089
9868
10379
10312
9838
9797
9886
11506
10928
11090
11196
11267
11274
11050
11471
11224
11353
11919
11473
11624
12274
12348
13333
12319
11790
13007
13881
12845
13967
11986
13067
14261
13315
13891
13152
13820
14300
13974
13312
13254
13640
14861
14328
15678
15124
14367
15014
14209
15679
15262
16248
14635
16098
15941
16210
17561
16053
15778
16432
17296
18000
16925
16799
17977
17026
18534
16803
18322
18822
19280
17719
18522
17540
17839
19879
19287
19395
20096
18094
19278
18809
18866
19477
20271
18632
20267
19622
20015
19263
20481
21748
21422
21257
21953
20630
20914
21205
21340
21444
22679
21069
22127
24277
23155
22793
22816
24216
23817
22872
23103
24494
24396
25168
24855
24450
25367
25004
23171
24605
25510
26165
25988
24830
26945
26818
24654
25013
26788
28532
27150
26604
27948
28530
27170
27559
27954
27417
28743
27808
29064
27787
27959
27269
30101
30241
29375
30050
30094
32274
31632
32771
31122
30943
34121
31860
29978
32323
30124
32169
31740
30449
32887
34701
33801
32006
34586
33273
32910
30587
34046
32964
35346
33656
33873
33528
35702
36090
34799
34100
36476
37084
35252
37377
36111
36896
37968
36444
37003
36492
39480
37589
37253
36067
39413
37880
39570
38459
40641
39856
40370
40839
39869
39377
41302
39693
41978
41056
42103
41751
41421
39706
42502
40782
41828
42326
43058
41804
44621
41602
42658
40444
44417
47343
44849
43392
45416
43762
44048
45590
43182
47819
46801
45705
46235
47304
47061
46813
47096
46532
49588
48299
48594
47114
47949
49465
49533
48299
52033
51162
51019
49102
50746
51085
52273
47817
52937
51457
51522
50768
52295
54814
53535
53299
55277
54994
55544
55766
53233
51473
56197
52728
56099
53121
56978
55207
55789
54549
56884
55441
59723
54611
56514
57150
56923
60028
55991
60885
56044
60336
59453
59313
57087
59132
58229
60486
59974
61069
62034
62447
60419
64081
60686
62366
62460
61055
62389
66139
64825
65145
65098
64512
64998
65401
62859
67801
63909
66724
68039
64714
64082
65865
64765
64809
69376
66262
69747
68311
67987
73265
69353
69510
70780
70370
68010
71329
70171
70319
72810
73038
74376
71669
73531
69994
72000
71330
73933
70568
71043
73897
71459
74934
74690
76850
76102
81554
77548
77547
76879
77064
79489
80133
80638
74866
78022
76614
77324
80460
80536
85014
81938
81211
82178
80079
80041
80392
82079
81011
84075
83505
83619
81614
80405
82676
84079
85445
81755
83561
85680
85694
87206
87991
88070
86744
86443
86933
88445
86359
87359
88784
87287
90322
88632
93031
93008
92657
91286
92503
87594
91436
95308
97485
89781
89164
96580
97664
92244
91566
92873
97053
97761
99437
95482
96316
99149
94866
99981
95064
101250
98179
99383
97372
99025
102301
96254
101431
101684
99376
104444
97942
99805
105169
102500
104743
100190
102099
97260
99792
107109
108036
106907
100759
110269
103541
105380
107895
106649
103811
109460
113048
106574
107472
108892
106203
111391
107333
110526
106241
110967
112886
110704
112962
111256
115477
116109
111786
115918
111960
112650
113814
111192
113585
118256
113637
111768
116548
116433
123246
115400
118812
112110
116741
122559
114704
124683
126530
114411
119655
123284
119766
126094
120878
121559
121405
126292
126438
119263
125906
125091
118273
129893
128276
125558
130062
127021
128620
132016
128662
129820
123836
133412
131843
127814
129482
130840
128191
131409
131386
133335
134610
133236
129962
128005
135064
127260
134403
134854
137928
134377
138003
136214
132693
129288
133362
143058
139602
137903
135514
131078
139633
142798
139808
138226
140646
139925
139699
144928
144757
142299
143099
141614
145227
146872
144441
144480
144040
148199
148625
151569
153389
154326
146641
153346
144406
147191
155109
152099
151298
148998
144711
144262
147637
157378
157663
150585
159189
150471
148890
160668
154363
145927
155339
158046
159817
151851
160228
155660
156088
160281
153895
155779
155663
158903
155605
167236
152164
164128
154104
165742
167371
168380
166015
160976
165527
158410
161938
162266
178786
161471
172579
161847
165797
169044
166750
167561
161054
168351
172326
171927
179486
167503
178498
166242
167733
172470
179291
169498
180128
172456
171000
171659
173090
177488
173166
184407
164420
171942
172949
175800
180082
187714
190819
183883
184265
185271
178285
182784
182245
183933
183726
186663
185023
191623
179555
180566
184314
183786
178918
183957
191318
186995
186708
190078
190384
184633
185634
188930
193169
191847
192121
189924
189883
187880
189754
195163
191969
192838
198487
196513
193254
205269
196111
193094
198580
202715
196744
198546
198521
198973
197442
201241
195685
201863
195325
198376
206063
205042
203144
198324
212519
199860
196591
209653
206116
206508
206841
205165
203109
213923
205650
210350
207202
210649
210687
208846
206838
210179
211897
219569
215801
212924
205814
212786
210734
214166
212497
215176
217726
217189
217439
220374
218888
219741
212866
215754
214326
217147
218561
222801
219898
223046
229531
224526
231801
221085
221992
226920
236543
225325
227594
224264
231626
234798
233402
234254
234665
229116
231914
229439
225363
232219
246623
233788
228351
229139
230729
244166
231760
231341
238221
230247
235973
235894
241207
232556
234220
244850
250066
247557
240726
248987
250044
242546
236824
245628
239267
249840
244886
241900
250801
251023
