0
0
3
2
2
5
5
10
18
28
33
47
45
40
49
55
55
92
79
104
64
89
131
125
156
155
207
167
217
272
239
289
270
267
364
299
351
338
324
420
409
495
495
487
468
521
457
402
674
670
693
742
648
674
769
902
857
879
688
933
804
1088
1155
1024
1183
1007
1044
996
1195
1061
1021
1469
1298
1260
1321
1333
1425
1532
1394
1661
1568
1947
1653
1769
1867
1761
1964
1820
1936
1745
2138
1864
1580
2114
2377
2179
2285
2181
2473
2626
2570
2477
2444
2690
2636
2881
2719
2841
3165
2976
2800
2845
3380
3199
3272
3071
3456
3360
3064
3460
3371
3425
3434
3940
3660
3552
4110
4289
4144
4493
4157
4196
4928
4433
4094
4848
4365
4637
4652
5026
4622
5078
4715
4810
4857
5644
5101
4785
5623
6133
5554
5906
5894
6220
5806
6147
6710
6543
6651
5553
6027
6360
6667
6349
6920
6031
7074
6887
7678
6894
7510
7705
7113
7527
7327
7473
7304
7752
8679
7894
7539
8182
8748
8031
8237
8673
8875
7634
8386
8585
8621
9266
9288
8465
9075
10004
10170
9355
10006
9966
10313
9409
10263
10338
10383
10106
11515
11011
10064
11289
10780
10831
10853
11810
9987
12131
11247
12764
11196
11658
11699
12817
11995
12565
12988
11479
12960
12745
12755
14065
12658
12550
14292
14070
12560
13897
14134
13721
13683
15077
13671
15466
14066
13587
13982
13786
15569
15772
14882
14709
14306
14786
15198
15346
15238
16259
16122
15211
17137
16840
18128
17555
16299
16614
17223
17744
18310
18560
18202
18338
17278
18585
18484
19213
18604
18116
17835
18303
18280
17967
19113
18811
20219
18991
19707
20799
20844
20836
19853
19960
21104
22269
21709
21637
21068
21758
20891
21380
21614
21839
22731
21808
21321
22762
23277
21861
22814
24061
23908
23862
23263
24617
23661
25917
24035
25805
27530
24767
24067
25712
25856
26799
26414
24170
27369
26805
24833
26093
24987
25940
28187
27997
27427
28019
27615
29403
27114
28910
27379
26416
27672
28086
30778
30011
28486
28703
29586
30238
31087
29821
30375
30174
34505
31422
29984
29215
33496
31149
31257
32575
31287
32153
30196
31989
33116
34238
33581
35246
33613
35701
31623
36607
34788
33614
32971
34087
36130
34493
35365
35254
34620
35492
34543
35564
36702
34719
39155
37143
37529
36075
36325
38416
39513
40472
36050
36204
38284
38918
39907
39882
39370
38496
40263
41797
42097
39919
40320
40998
40698
43553
42978
41584
41394
42222
44515
41537
42655
40090
41833
43992
45295
42231
43033
44243
43620
46185
43330
45279
45860
46047
47829
46039
45233
47213
47064
46469
45941
47841
48384
48404
47947
46650
48379
47701
48509
50900
47297
52064
49035
50965
48087
50507
48008
50692
52606
49858
50604
51325
53665
53628
47547
54789
50420
51814
53171
52729
53593
56151
54295
54122
53484
54324
54160
57592
54439
55181
57037
59622
54852
56247
60053
58178
54575
60150
59121
55347
59358
58391
58407
59168
60806
59578
59101
61832
63455
62321
60917
60318
60698
65158
61077
59005
58163
64446
60219
67042
62183
64092
64910
61448
64332
66544
64867
67004
66451
65907
65827
63571
69384
67049
63939
70568
68293
66514
67814
73245
67584
70450
72132
67223
68236
66590
71995
75089
73472
70534
72135
70704
67058
75732
75391
71085
75530
74154
76332
74745
76594
75934
76963
77995
76169
70657
72187
77262
76336
74535
79381
79669
75807
77735
78832
78909
76964
75530
76127
80277
78350
76318
80789
80860
76921
86713
84835
79759
78949
81744
79981
82708
84021
84765
85155
83158
82166
83521
83642
83460
84800
88510
85788
81964
87851
88212
89002
85773
86022
89066
89226
91092
93028
86660
90023
88464
88480
87384
88018
88833
93978
90118
90406
94468
93350
93318
90856
90826
89628
95482
95687
93342
98233
94510
93677
93879
95995
99226
100463
96677
98259
94625
96759
94876
99356
100266
98395
100858
97223
102524
105596
102576
101018
101665
102569
104000
104713
105837
99130
104410
98691
107372
100649
104381
106778
106605
108175
108040
109303
106125
108490
107619
104426
107487
107863
108536
107925
105670
104817
108178
105185
109183
110219
111360
115271
112181
112001
112859
115308
115518
110090
109575
116265
116710
120529
119392
115882
116826
114699
116139
114650
120693
115871
119701
118393
122421
120400
121453
119017
116679
121081
121170
119988
125504
118817
123240
123461
124772
124487
124640
119701
122264
124451
124286
127513
123906
125048
124662
125259
129119
125216
127348
126000
124300
134241
128006
128299
128485
131359
130524
130269
134817
140684
134142
131114
132500
131860
133777
133829
132393
133584
139319
136116
137174
142796
132361
137005
136808
142586
138675
139725
141232
136788
142737
140270
139075
134695
142168
139883
146244
139258
144841
135497
141742
143503
145767
145921
138684
148876
144327
145433
145087
148417
148265
144818
147405
148469
144552
144493
148901
152887
148352
154498
154886
150571
155521
153537
157404
151298
149488
155302
156325
152108
150975
159516
155167
155501
159067
166462
160871
160695
155157
163259
160269
158581
162490
163720
157035
151242
155609
161555
165380
167036
162220
163264
165128
164138
163832
162282
165878
172579
169557
168743
162676
161925
169308
176449
167413
163617
168051
172190
174898
179219
163734
169994
172987
170849
175970
170098
175651
176373
179665
172385
168366
172575
173049
174142
182024
175786
180667
175747
172454
181748
179866
181640
182116
187888
177160
179113
185293
178429
183349
187241
184328
180964
181988
172092
182422
188962
182223
177691
188357
184776
185798
198204
186500
191900
188696
188050
194800
190432
197068
193526
200223
194362
194665
193806
196473
190226
200441
194121
193074
195343
193014
191371
196775
195849
201653
198406
198607
197506
202854
204597
196327
200767
203035
199199
202510
208602
205726
199997
200965
206814
203344
204906
206021
203953
206056
211327
208538
208313
202932
209637
211985
217149
206424
213910
217034
210590
208153
218244
208083
209736
212609
223191
214283
219321
215895
221579
214485
217031
225333
215518
224092
219593
221874
219537
215483
221787
226808
217404
223878
226249
229067
222768
227657
224173
234474
222822
228788
228700
224842
233044
229879
231724
227979
233371
226931
226361
227139
234892
231178
220567
231570
237747
226533
236083
241009
236066
234834
233263
237214
240337
247404
232875
239398
250753
237504
232306
237060
238695
236341
238069
242860
239407
246598
245647
247062
247143
242360
247217
254437
242017
257537
