0
0
2
0
6
8
15
12
19
23
25
32
27
51
41
52
65
99
72
103
101
83
109
131
149
123
169
209
251
183
232
285
297
208
328
319
325
351
404
401
414
548
404
406
582
555
539
468
640
565
727
693
769
694
700
747
730
919
990
805
796
945
864
890
987
1143
1070
1176
1221
1389
1129
1270
1389
1323
1288
1535
1576
1434
1501
1761
1543
1498
1664
1599
1553
1835
1740
2139
1678
1890
1940
2071
2309
1847
1948
2224
2258
2373
2575
2358
2281
2583
2645
2733
2715
2676
2628
2755
2980
3106
3398
2578
3553
3218
3134
3146
3529
3075
3320
3691
3571
3535
4195
3950
3905
3901
3919
3698
4482
3983
4111
4522
4055
4292
4706
4471
4434
4823
4387
4866
4467
4557
5469
5280
4921
5293
4801
5251
5155
5746
6031
6000
6052
6510
6026
5980
6013
6029
6322
6386
6447
5854
6904
6724
7286
6974
6729
7234
6674
6566
7066
7118
7287
7699
7690
7721
8144
8027
8259
8362
8048
7417
7984
8476
8471
8570
8519
7749
8761
8464
8442
8788
8623
8975
9352
10001
9617
10380
9153
9973
10025
10498
9562
9968
10987
10577
10415
10371
11271
11128
12014
12462
11823
11292
11304
11700
11298
12045
11866
12768
12643
11432
11729
12550
12875
12024
13188
12221
12919
13476
13793
12626
13427
14427
12565
14092
13693
13340
13312
13703
14457
14284
14461
14784
14222
14244
13393
14326
14800
15977
15198
15547
16592
15361
16946
15809
16099
16650
16220
16182
17021
16888
17966
16842
17550
17032
18477
17870
17574
18847
17377
18833
17417
19278
17991
18302
18884
17468
18800
19917
19437
20441
21171
17372
20275
20195
20841
21441
20478
19346
19616
19850
20653
21585
20468
21596
23049
20732
22046
22822
23045
23032
21660
23586
23247
22003
22442
23481
24349
23165
23851
22969
23906
24199
22572
23831
23577
24128
26156
25796
24878
25636
25698
24619
26383
26266
24812
27153
27102
27272
26542
28146
27545
27282
27997
26839
28165
28314
28624
29524
28757
28954
29126
29833
28100
30716
31448
30837
31095
29585
30475
30023
30259
29376
31306
30427
29587
31751
32867
35131
31862
32108
30593
32132
34033
34040
33579
33494
34611
33570
31687
37510
34092
33828
36164
35338
35043
36154
35312
34828
36160
36486
34678
38069
36199
37104
37329
35124
35128
36526
37905
36452
37051
37964
37185
39616
38983
38070
39233
37854
40146
38051
39339
38666
40172
40557
39992
42453
39559
41046
40684
44129
42578
44077
44786
41824
44998
42437
44251
43655
43200
43554
44360
43297
46573
45627
43511
42752
47094
47108
47963
43342
44977
45015
47630
45931
50328
48013
49842
47527
49234
48590
47053
49608
49806
46397
48967
50164
51553
51617
49182
51321
51313
50688
53419
53422
49958
52857
51137
54111
52981
53197
51544
52742
52977
53853
53707
55800
51323
52079
54923
55958
57877
55836
54928
53746
56558
55710
55704
58603
56966
58535
61005
55681
56343
59107
58841
61244
60105
56167
62353
61171
60596
62213
62352
60976
58819
61011
63223
59746
61946
64850
63124
65033
62575
65034
63521
67837
61848
64714
64528
66238
64404
64869
65002
65425
67549
68661
66626
65080
72015
67303
66330
70155
70393
70158
68373
68994
68585
69691
68520
67957
69323
70621
68708
72475
72098
67941
71753
67438
67687
71861
75903
75599
74218
68354
76047
74881
73003
74922
77042
75279
71333
75362
74222
75427
73929
78194
78334
77359
77607
81561
78797
77079
77441
81836
83015
77275
81191
81802
81785
81444
82176
76958
81212
83715
81118
82008
84763
76742
85684
84608
85948
85696
83782
81659
82584
87428
84515
85187
87050
86989
86530
85560
90657
83900
90154
92245
90134
85694
88210
88200
92491
89221
89002
93634
92106
96946
91109
95781
92604
93407
90776
95217
97457
93896
89657
95239
91037
93947
95367
97062
94329
95105
93087
103504
98176
96406
95734
97904
100278
102550
95935
98386
102954
98003
100100
103030
102488
104775
96216
102143
98491
102609
97965
105659
106169
103833
103131
102253
102551
107101
107510
108875
101022
109501
105425
101440
111564
108108
104144
107933
104980
111740
116216
113711
109918
113209
109350
114345
115170
111170
117164
113595
111388
114066
114519
109980
112421
111591
118112
117440
118823
118566
115698
116110
119350
114553
118736
118457
112278
113997
122687
119850
124737
122319
121619
124544
118673
120556
125999
118824
126524
121926
122085
126462
124109
125776
121609
126666
122241
128125
128640
127585
125299
128387
132044
130905
124309
132122
124200
125660
133051
126895
132847
129817
130924
132515
127415
131339
129889
130309
140199
129269
140225
129632
132091
136696
144758
137800
141319
139127
140579
133726
138855
136169
140389
143561
136331
139408
145762
142214
140404
137001
140276
145848
141418
146123
139937
137828
142346
142334
143729
149728
138369
149363
148159
137703
149825
144477
152864
143588
147874
151033
148120
150237
150740
144360
151960
146670
149663
145936
144469
151453
153528
148461
145412
151437
151533
157821
156565
152765
149570
151252
155695
155870
157409
168137
156712
157819
156807
163393
156338
156250
159348
158993
161339
157952
173949
160005
164685
161189
169139
165955
165657
168859
156304
164541
170188
167181
168028
164398
170771
170236
171557
166867
169724
161432
170074
173836
176109
172642
174814
172375
175173
172258
170249
178789
175673
174598
171219
170157
180634
177775
179217
174326
171581
179954
173788
177487
172298
181114
183583
177359
185919
182787
184524
176043
183765
186767
182840
183593
177858
186227
188688
187906
180765
184425
178541
182816
189204
192604
187675
189256
185806
194894
183238
203221
194253
191338
187737
190340
189023
195597
193222
198111
187462
194514
198106
193469
195929
197223
198978
195181
197679
194552
197800
208544
192674
201861
197695
205217
199582
205288
202170
201570
207307
206960
201880
199562
211897
202341
206227
205937
197833
205972
202560
216721
209255
208032
209576
211699
209214
214236
208030
215902
214842
209512
214840
216851
208148
222323
219757
214278
213055
218610
215788
207025
218459
220888
220001
223768
223628
218418
218318
218249
222543
228433
225816
215013
232639
223614
229439
226448
235163
223801
237368
228691
230817
232099
229624
231673
216322
234483
230996
237194
227900
223838
240383
234847
232894
240147
227430
228351
231973
234577
234434
240795
240676
234163
242553
234197
239264
228767
242862
235216
235311
240524
245867
245401
248985
246309
244937
243065
247762
245330
247776
252879
244406
251061
