0
0
0
1
2
11
7
21
19
28
26
18
44
40
51
52
70
107
89
96
118
129
132
134
163
174
172
175
220
181
244
198
255
256
313
340
306
277
357
467
409
405
476
532
440
545
463
581
618
604
564
549
874
695
863
789
893
818
872
719
848
826
860
1155
1017
980
1104
989
1129
1056
1267
1266
1290
1313
1128
1475
1473
1482
1565
1533
1604
1526
1712
2035
1660
1738
1844
1745
1950
2040
2187
2113
2079
2176
2210
2173
2149
2278
2604
2444
2613
2699
2452
2734
2997
2647
2740
2911
2988
3170
2867
3030
2916
3160
3248
2939
3425
3196
3474
3606
3405
3976
3603
3898
4017
3947
4097
4236
3631
4336
4414
4455
4612
4588
4699
4303
4902
4553
4918
5090
4582
5055
4927
4821
5875
5628
5405
5510
5501
4615
5832
5792
6116
6174
5999
6297
6374
5825
6291
6195
6174
6896
7013
7096
6829
6808
7484
6707
6780
6948
7307
7644
7322
6705
6729
7773
7288
7571
7792
8281
8399
7804
7873
8256
8530
8599
8258
9489
8727
8553
9113
8463
9122
8753
8040
9912
9293
9822
9782
9926
10652
10114
10565
10152
10355
9373
10478
10298
11159
10970
11512
11080
11394
10909
12118
11910
11034
12638
11646
11941
12453
12347
12210
12719
12639
11756
12187
12739
13741
12936
12705
12938
13128
13423
14955
14101
13440
14020
14906
15682
14001
14644
15302
15745
15444
14433
15659
14117
15840
15131
15509
16343
14414
14950
16649
16581
17437
16378
16778
16760
17348
18007
17883
15924
18318
17223
18622
17051
17526
19720
18985
19038
18120
19140
17767
18878
19422
19645
18818
18636
19149
19068
19238
18154
20418
20473
18805
20429
19017
19453
21465
21332
21413
21916
22411
21176
22551
21834
22718
22883
21997
22982
22060
24176
22041
23058
23410
21882
24429
23638
24015
26064
22963
24174
25432
24892
27266
24804
25036
26482
25558
26742
25734
26013
26823
25002
26563
26338
28329
26922
25043
27212
27686
25526
25997
26877
28115
28272
29034
29480
27287
29277
28112
28346
31079
29774
28927
29380
29226
31004
30531
32616
30617
31297
32618
30746
32862
29767
30744
33405
32245
33348
33067
31710
32915
32804
34356
32199
31159
33658
34271
34679
33437
35031
33663
34956
36089
37797
35523
36807
37630
38718
39815
36794
38003
39238
36099
37253
39315
35928
37042
37292
36971
38316
38257
41144
40313
38028
37381
43149
39403
39917
39707
42545
38716
40363
40860
41320
41279
42427
41720
41753
40018
44030
42127
44479
41376
39939
43067
47099
44122
42969
44621
46861
42683
45293
44757
46022
46426
44061
45270
44932
45267
47031
45430
47547
47728
51289
46790
47035
46691
49403
49186
49370
51553
48295
48498
52067
53761
51557
51273
51681
48663
52164
48587
50986
51836
54055
50120
51848
54809
51879
53556
55707
53264
50783
56873
56171
55651
52974
53749
55659
57600
54618
55519
56860
56051
55259
58918
55313
58807
56176
60808
58195
59081
60803
59271
60786
58288
58101
59178
61377
60099
60071
60373
60357
62165
60675
62532
63868
63431
63664
63679
64408
67122
63021
62156
61261
65222
66326
68816
66679
67120
65409
65173
67768
64719
69023
69193
63953
66281
66216
71176
69993
71061
70998
70721
66232
72049
68112
67060
67256
72076
72796
68787
69339
72331
73533
70993
73108
72145
72847
73558
70364
74700
78656
72398
68786
70403
73227
76286
75044
73638
76872
75880
74981
74779
77125
78028
77546
74497
77631
75602
79835
77286
78755
81937
79496
80086
80707
76303
79191
79737
83390
77287
81802
82903
84581
84890
88537
77801
80508
85802
88252
84113
84218
85405
86554
88141
85587
84361
86685
87572
91660
85473
90570
89764
86928
87496
90350
90215
90193
87402
90259
91182
92873
97094
91433
89319
90305
92190
94863
92838
96055
95010
92151
92859
91166
96549
95321
94345
91786
100528
91436
90701
94298
94759
98248
98654
92647
93880
105170
96222
105124
106694
99310
99419
101836
104206
97188
102058
108310
100471
105258
99079
110102
99849
104605
102799
105050
105907
104490
99847
106857
106372
109967
108001
105983
109892
111172
110938
109129
107352
106113
104095
107324
112556
112753
113281
111211
109346
112405
114789
112988
109778
113109
114290
113842
112282
113611
116618
110225
116183
117271
121154
119875
114732
117537
125126
117110
119182
123625
121891
120771
120684
120914
121980
119004
119600
121852
121943
127338
121900
118365
122225
119903
122002
125886
121441
121634
122478
121239
126980
122896
131298
126488
129800
130735
122362
122265
122389
128041
131156
126456
130004
131129
134069
131757
126665
126263
134849
129036
133203
132852
132767
133733
141699
134578
135237
136590
135984
137776
137310
135824
139197
130609
138313
144358
140336
140655
136492
136771
139202
136036
141052
146629
143716
143463
142498
151887
145299
137877
140845
139516
147096
147736
143323
149711
148074
149201
150504
150924
148085
150357
147629
150152
150804
143329
147290
154107
148968
151644
152314
153757
148258
160274
150389
153532
155355
151989
161060
156216
154808
157880
155651
163812
158123
153653
160630
160066
160640
161975
161303
163681
161246
159743
165039
162357
162638
168556
162937
158636
162412
159450
164622
161543
161759
163834
163571
163952
165969
170657
161142
165988
166026
170336
170927
172330
173196
178515
167251
174650
167067
172682
167087
174391
170640
169573
170185
173115
171141
171887
177115
184001
177568
182784
172875
182816
181117
187130
177830
178567
183245
183552
181444
179410
178395
184913
186770
186928
190253
188803
181447
190121
185411
180682
183179
188390
194695
187018
192851
198222
190110
182844
194527
189885
187301
184043
193688
193402
184241
189501
195450
206131
195076
200620
200042
196964
191655
196035
198529
198774
201292
197225
194770
200422
198354
201595
203452
201095
206840
203162
198029
206717
207128
201884
210684
212365
204969
201725
205587
204225
208972
204652
206676
211116
212269
205612
202672
208604
208509
208965
211442
212345
213573
211171
217877
216605
207019
216377
214657
213515
214740
216733
218793
216834
218644
215077
217829
215415
218289
209549
216800
212736
222665
219716
213643
228695
222724
214183
227459
222420
223358
217655
226230
232589
229758
226225
233988
223229
223050
240841
235997
233184
225113
238301
226124
226067
232186
237306
233667
223595
234528
237514
241891
239148
237726
246779
242274
248312
242868
241965
239435
232287
245103
232789
242035
230996
238683
238968
241449
246811
250337
248351
238941
249791
250623
248241
243779
247763
