0
1
1
1
5
1
8
13
19
15
29
37
51
39
48
68
47
54
48
75
86
113
104
113
154
160
182
197
178
159
228
232
263
239
262
335
329
362
386
353
368
476
454
460
525
401
564
625
568
653
548
721
541
849
825
753
733
1011
963
847
805
1053
976
925
972
1180
1129
1184
1317
1214
1302
1316
1325
1432
1229
1355
1542
1527
1415
1706
1481
1698
1751
1817
1957
1959
2009
1953
1914
2063
2011
1972
2489
2260
1954
2125
2176
2270
2354
2638
2459
2765
2596
2504
2709
2855
2884
2901
3024
3024
2903
3189
3334
2893
3852
3405
3270
3578
3826
3604
3575
3637
3737
3761
3827
3938
4393
4208
3742
4069
3945
4282
4204
4718
4410
4333
4340
4890
4611
4666
4689
5181
4586
4731
4976
6120
5423
5335
5458
5675
5503
5656
5914
6112
6147
6410
5678
6216
6021
6791
6618
6495
6707
6926
6749
7115
6943
6658
7894
7241
7081
6498
7414
6994
7232
7575
7408
7557
8072
7900
7451
7998
8315
8907
8298
8184
8328
9578
8249
9027
9629
9242
8955
9283
10274
10057
10200
9633
9695
10856
9869
11259
10222
10559
10736
10666
9876
10506
11432
10934
10686
11524
10371
11397
11029
11726
11819
12591
11398
11737
12872
12359
12705
12672
12735
11561
13295
12521
13703
13124
13781
13208
12545
12667
15339
14185
13786
14400
15002
14607
14659
13404
14871
14377
15013
14899
15572
15770
14779
16126
14241
15751
15227
15686
15469
16557
16152
16422
16161
16323
16767
17980
17253
16375
16816
18702
16391
17088
18103
17589
17184
19043
18109
18027
19329
19164
18289
20584
18761
18866
18115
20340
18827
20143
21115
20143
20765
19555
20318
22334
21479
21798
21578
20651
20257
22254
21512
20586
22750
22753
21018
22590
21916
22381
23355
23610
23300
22158
24209
23724
23108
23910
24213
22560
24390
23558
24289
24700
23827
25894
25636
25662
26336
27190
27033
25305
27394
26957
26967
27661
27003
27427
27666
29216
28378
30084
27614
26808
28284
28280
30130
29743
29527
29697
31979
29323
29787
30922
29750
29341
32639
29492
31107
31306
28360
30094
30483
32714
33497
32596
33683
34008
31064
34442
31999
32311
33826
33434
34647
35654
34174
33605
34832
34595
35981
37517
33194
36110
32631
36001
35182
37749
36240
37215
36909
35501
36115
37376
35603
37687
38883
34903
37965
40960
37516
37969
39878
39710
39580
39925
40796
40478
40017
41413
42663
40309
41419
39436
40351
42071
42289
43810
41327
42748
42166
42199
43888
44373
44968
41189
43669
46612
44418
44171
45138
42666
44720
45212
45714
43946
47408
46381
48999
47770
45603
45508
44066
47871
48077
47097
47392
48548
47329
49311
48803
52205
48508
49689
49903
47567
51545
50130
52262
49702
51755
50460
51653
52025
50558
53210
54732
54179
55263
51917
53794
53485
49615
57739
56157
53038
53684
53190
56234
53833
58144
54601
55094
56302
57226
58288
58564
59166
60531
57633
54835
56954
59136
61049
60426
63628
61464
60737
58125
64480
59192
64156
60613
62333
64322
59208
64800
61898
64603
68029
62689
63894
65447
68501
65193
66200
62574
66751
63076
61710
67380
66873
66013
69227
65974
65503
67072
63857
69315
66957
69000
67643
67887
71360
70745
70912
69948
69609
71118
68930
70407
70537
68597
75343
70779
70234
71782
67639
74413
72164
73108
70345
76559
74900
77149
77515
74562
72827
77142
76017
78372
76097
77449
75454
80627
80448
78139
79453
80559
77669
80660
77965
77983
82168
84678
81721
79282
86375
81246
78799
85290
81653
78845
84381
78085
83520
85193
78777
82528
83837
85447
89411
86429
84375
87593
84967
82626
86213
87747
88412
85590
86543
91262
87705
91075
89316
90704
94215
90808
86790
88647
91768
87654
86261
91254
93712
92292
93076
94196
91113
92903
89947
92978
99176
101605
90326
94130
95999
99515
98587
98054
96582
96047
96250
96967
100257
95339
99875
99858
100273
99261
101833
101718
100121
104619
98132
100047
101949
96547
101330
105326
106968
104700
104596
105443
105847
101406
99741
105994
108214
103436
107759
103088
109130
102197
106585
107855
110200
108812
106629
110967
108892
107554
111019
114093
112649
109813
113749
116246
116437
110498
114997
114995
103680
114820
112800
112760
108992
115523
118975
119237
111225
111520
120966
122095
117571
121540
119201
119036
122505
122704
123718
119270
118860
119856
121443
117743
122479
121596
122897
127254
129723
124762
121963
123472
126772
125194
132880
126491
126123
123666
125870
125516
132041
122414
132392
128489
129989
123564
124328
130167
132230
128960
133433
132610
133032
133639
134138
134159
135796
135367
133213
134637
135055
131156
141280
134740
136509
137017
141998
140172
136617
138181
141404
133829
137744
137553
140667
138786
136341
143722
148614
145575
145742
138673
141025
143617
141705
139043
145512
145606
145002
149356
148643
145940
147832
146250
149947
149737
151481
144871
143989
144320
147323
153765
146723
150255
156068
150287
149326
149187
150541
154618
152856
150711
160626
152848
154077
149488
154368
157575
158929
154553
154919
155549
159735
156950
154245
158127
161813
152676
158338
159945
160271
158259
162268
152919
160348
166709
168040
170829
164526
168104
159615
158425
167391
167126
171117
163650
169412
167078
172076
169722
164824
176428
175892
175334
172109
171915
175931
178828
176790
178560
179465
170405
168929
173887
169756
170222
180312
172309
177214
176157
177957
181942
184709
183091
174054
175624
190042
179877
172112
180141
182319
181549
180339
183182
181973
192499
182518
182009
188745
186516
191461
197629
191555
187967
188407
191037
192911
196975
190753
185322
184247
184234
195951
193210
190905
184247
195384
198754
191294
186638
198703
193727
195494
197770
194679
197583
201693
198684
190007
203533
204105
199946
197614
199369
201661
202543
196410
200101
204268
203897
207707
204767
207468
204854
209243
208470
197210
201604
207730
208662
215050
214797
207559
206165
215861
208390
215154
211447
210243
214128
212461
215038
215128
213170
207711
210000
210278
219727
211298
213861
218237
221295
220291
215163
220976
226954
220411
223547
218312
214962
221775
225311
224730
230513
226657
229482
233596
229614
230675
228675
226792
237679
235831
227579
228485
233964
233705
229280
222994
237646
229386
232197
235592
226533
231215
226946
230635
232635
232590
227478
232948
239497
244143
237931
229351
240132
233844
228414
244121
247873
238243
239159
243686
237310
244152
247989
251299
249405
253712
244978
243098
253686
247022
