0
0
2
2
3
5
6
11
27
19
35
38
27
43
34
60
62
60
49
109
104
122
138
146
136
151
178
172
273
175
198
272
206
334
386
279
358
389
363
369
453
351
452
504
521
494
610
496
622
562
596
661
752
612
710
670
872
828
777
928
1049
949
959
1064
1054
1070
1215
1178
1018
1268
1362
1505
1158
1464
1367
1311
1388
1463
1489
1666
1599
1587
1540
1749
1893
2094
1706
2138
1806
1935
2161
2032
2139
2367
2299
1928
2358
2388
2775
2155
2550
2331
2751
2668
2737
2657
3255
2760
2919
2611
3580
3160
2972
3166
3066
3008
3156
3367
3454
3306
3274
3604
3534
3461
4051
4023
3848
3896
3970
4070
3981
4102
4755
4197
4493
4269
4525
4757
4405
5335
4966
4403
4895
5038
5382
5320
5663
5519
5181
5838
5134
5492
5253
5215
6187
6121
5818
5814
5444
6239
6287
6845
6357
6498
6611
6500
7050
7377
7373
7472
7122
7129
7313
7675
7489
7396
7770
7584
7906
7827
8351
7784
7847
7823
8518
8351
8902
8763
8296
9046
9304
8869
8971
9639
9174
9604
9128
8946
9290
9652
10743
10743
9776
10263
11348
10288
10947
10780
10621
11480
10408
11403
11323
11245
11311
11071
12373
12506
11035
11152
12129
12226
12296
12729
11877
12310
12515
12673
13218
13710
13209
12933
14095
13537
13944
13212
14482
14326
15642
14300
14470
14043
14146
15095
14975
15746
15466
15079
16132
15290
16510
16303
15638
15924
16113
15553
16322
17640
15626
16531
16680
16104
16375
16729
17291
16343
17312
17430
17486
17857
17962
17580
17501
19096
18559
18707
20569
17020
21150
18217
19059
18471
20975
19329
19895
18347
21395
19814
19823
20424
20327
21184
20125
20862
21219
21361
21264
20366
21875
21590
21795
22074
23268
25203
23918
22080
21786
24117
22285
21966
24020
23632
25000
24510
26162
25115
26032
24218
24424
25058
25707
25588
26407
27364
27030
26060
26708
25391
25133
25333
26651
26554
27119
27632
27619
26556
28264
27778
27823
29126
30329
28475
28759
30505
29223
28785
29594
30436
31637
30306
30001
30756
30388
30245
30073
30574
29768
31831
32781
33844
31414
30754
35268
31621
32352
30337
32054
34382
33338
34084
33878
34518
35805
34853
35050
36035
34858
32794
36689
35133
34544
35705
36284
36813
35266
37582
36448
37427
37858
38861
36945
38181
38829
37304
38472
37686
39339
41171
40529
38086
39589
42620
40791
40655
41225
38257
42887
39269
42405
43744
39944
40430
42370
42845
43881
44614
39225
44787
47061
44738
44201
43340
44510
43718
46707
43304
44301
45523
48353
44853
42871
46737
46807
49209
49360
46209
48168
47902
46198
49671
47452
48938
49284
47383
48646
48228
48845
48838
50013
52070
50052
51305
50407
51336
51145
51555
51287
52565
50867
49877
54297
51166
53092
53207
55657
52506
54446
55548
53666
56385
55541
54620
54890
54399
56880
57764
57401
57586
56137
55839
56306
57484
58149
58911
55370
58887
57240
57093
59418
55569
59604
58567
59703
60216
60312
59853
60593
61322
59214
60577
63621
62411
63092
64878
66625
64347
63527
63220
63093
63960
63022
63413
68252
66213
61752
63764
66146
63879
67069
67231
69751
70150
70121
73313
69950
67489
65403
69513
71708
73059
72541
68858
73611
69743
70419
69503
74839
68708
72289
74028
68985
70479
76841
70611
77221
70250
73353
74037
70927
74708
74828
76954
76630
75875
80772
78238
80649
73465
72799
75319
76185
74327
77156
79945
77205
82491
76206
80107
81930
80956
80640
78898
82132
82719
86473
82337
80696
79306
81256
85025
82010
82580
82631
84808
85484
84874
87528
84664
86261
84688
84112
88166
88437
90927
85901
86523
88921
86772
87257
89807
86152
92382
91898
89212
92717
92128
89283
90722
95974
91385
89059
96079
96530
94680
93298
95623
95121
89773
93317
95934
97721
93822
98853
98128
96343
94287
97614
100975
94943
97587
95456
99030
98940
102343
100232
100617
98722
95575
101021
96671
95507
102038
101725
98613
99227
104042
110041
97776
106303
107319
105720
102782
106501
106419
109937
100012
108558
104535
105496
105618
106498
108976
106005
109483
109370
113569
108067
114697
108370
114254
115462
110439
113091
113767
111737
111401
114983
118120
112294
115902
117811
118566
110977
118195
119086
114809
117004
118416
114104
115245
115742
119761
118965
118081
122646
118623
119211
111697
116678
114512
119521
120288
127011
122585
122235
124079
122649
123065
130240
122935
130927
127982
124735
128988
124704
126492
127542
126438
130562
128564
124857
132851
132716
133824
133136
129743
134538
133940
132395
132024
133151
137927
134426
134491
133559
130279
133676
133475
134452
140283
135513
146603
139364
141401
136653
139704
133004
136140
136057
135426
141170
142494
144719
144205
142637
138725
142236
144473
147290
134138
142201
146917
139446
148646
144265
138158
144693
143637
147978
143139
146730
146407
147718
151866
147690
152609
150246
147715
148058
150781
150216
153799
155383
156368
148425
153825
160472
155262
155538
155354
147700
164355
154162
160780
156471
156791
157101
158052
161688
157451
168296
158233
156478
158463
154457
155663
161107
166190
158159
163316
162202
169047
162779
163951
168357
166007
159930
161569
169200
169887
168575
167271
169571
171104
167780
162661
168297
165137
172276
169088
171779
183028
177652
171422
168305
181284
174535
176599
177722
173070
167493
167907
174324
172499
175672
179869
176417
181634
175896
184985
189581
177518
177526
183943
182451
178655
181480
179521
182081
188587
181965
180904
193490
187344
188884
187120
175413
179998
182869
189389
190496
194116
186725
187444
193165
187284
193057
192284
184794
190361
191076
198725
196478
199599
189896
201517
196581
196020
195311
198609
192118
197103
197662
207204
185829
198669
205715
200271
204469
199105
201421
202816
202453
202497
197149
201788
205077
208350
206518
203773
201531
199326
204349
205229
207289
211178
211716
213014
204013
213204
207472
211729
209176
204582
210280
215024
216476
208984
211865
217801
220369
218385
216901
219245
219911
225051
219965
216073
213195
212340
217545
214454
219592
220851
215345
215422
218868
226564
217340
219344
224082
219867
220267
226603
226093
226787
224802
218408
224321
228888
230172
224234
226503
227316
233945
230161
235351
223934
233111
236787
234202
240906
240205
241880
248713
235684
241498
228859
234607
239930
242148
239679
237778
233198
234605
245743
237576
243933
239098
243359
247617
227035
249502
244802
231594
245320
253216
243944
246218
242906
